1
0
2
1
4
1
2
3
3
1
2
2
3
0
5
1
5
2
1
2
1
1
3
1
2
2
1
4
4
1
2
1
1
4
5
3
1
2
7
5
5
1
8
6
1
1
7
6
1
9
1
1
1
0
1
4
3
5
1
1
7
2
2
1
3
2
3
3
1
1
2
1
3
0
3
2
1
4
3
2
1
2
3
1
2
1
3
2
1
2
6
1
5
5
3
1
4
9
3
5
4
4
2
3
11
4
1
5
1
2
2
3
2
2
14
8
2
1
6
1
1
1
8
6
3
1
8
3
6
7
2
3
1
11
3
9
7
4
13
3
4
1
6
11
2
3
2
3
10
1
11
4
2
6
5
11
4
16
8
1
8
2
4
5
4
3
1
1
6
4
1
9
6
1
6
1
1
3
2
1
3
3
1
2
6
3
20
11
4
17
3
2
8
1
2
15
7
6
8
1
14
1
6
3
4
4
3
5
13
2
9
3
12
1
1
1
11
4
16
8
3
2
8
10
9
3
2
4
2
1
5
7
6
4
2
3
8
1
3
3
2
7
17
26
30
1
11
1
12
9
1
1
2
1
22
9
5
9
2
3
7
22
8
10
11
15
4
9
6
1
2
1
1
2
2
1
12
1
1
1
1
1
3
1
1
6
1
22
1
1
1
7
6
11
2
1
1
1
1
1
5
1
1
1
10
2
23
1
4
2
6
3
7
1
2
2
4
1
2
4
1
9
12
2
1
8
12
8
12
11
7
6
1
1
52
1
9
1
1
1
5
7
4
5
19
2
14
1
2
7
6
31
2
5
5
19
2
4
2
22
16
8
1
12
1
1
2
16
1
13
1
1
1
1
1
1
8
25
2
9
31
15
3
16
0
16
4
9
6
33
65
7
2
19
9
1
20
1
61
13
5
26
10
29
8
9
8
10
16
1
13
13
3
19
6
6
3
12
1
1
0
2
5
2
2
1
2
2
2
38
2
26
3
2
20
2
5
13
11
9
37
10
47
56
12
25
24
7
18
6
5
1
6
6
6
6
6
5
5
30
6
6
5
9
6
3
6
1
2
5
104
1
6
6
5
6
6
6
6
5
6
6
2
5
2
6
6
6
3
1
9
6
28
30
44
117
8
11
25
33
133
4
1
3
6
1
1
2
23
1
2
2
2
1
2
2
2
2
2
2
85
67
34
3
6
6
32
88
17
0
38
7
44
1
5
7
7
4
7
36
6
6
6
6
6
6
6
5
7
7
7
7
4
3
4
7
6
5
7
3
1
3
28
89
36
86
1
25
54
10
2
7
6
57
42
7
7
7
17
7
4
7
7
2
7
4
7
7
7
7
7
7
7
1
130
1
15
26
119
109
16
1
7
5
19
1
6
7
7
7
1
1
1
1
1
1
1
1
1
1
1
1
1
1
1
1
1
2
1
70
63
6
1
1
1
7
38
132
29
1
7
1
1
1
5
7
7
7
7
5
7
2
50
3
3
8
3
2
12
2
3
258
1
1
3
3
3
2
54
1
2
7
7
7
7
7
8
8
8
8
7
8
8
8
8
7
2
27
166
8
3
1
8
8
6
8
8
7
7
34
34
21
1
8
8
8
8
7
8
8
1
3
7
7
8
8
2
8
8
8
8
8
4
1
8
7
8
8
20
1
8
8
8
8
8
8
8
8
8
5
8
1
81
3
13
4
8
8
7
8
8
6
244
43
241
85
98
