3
2
4
4
3
2
2
4
6
1
2
11
2
2
1
3
8
6
1
2
4
4
3
3
1
3
4
4
2
3
2
4
1
3
2
2
1
2
2
4
1
3
3
2
2
4
5
1
8
3
2
4
1
7
2
4
1
12
3
3
1
4
2
12
3
3
1
2
2
3
2
18
1
2
1
15
2
3
1
5
2
6
1
3
2
6
4
7
1
9
2
2
1
3
2
3
3
3
2
2
2
1
3
6
5
2
5
5
13
2
1
9
2
3
10
1
3
3
4
11
3
3
4
2
1
8
15
6
2
1
21
6
2
1
4
2
2
1
3
2
6
2
1
2
3
1
15
2
2
2
4
7
12
8
8
4
4
6
3
5
4
2
22
21
13
11
11
1
3
2
10
3
2
8
11
1
9
4
2
4
2
7
3
3
7
7
3
10
3
5
8
4
1
33
2
9
3
9
2
13
3
3
23
4
4
14
9
16
6
14
7
4
19
16
2
2
4
6
6
3
4
9
2
14
2
1
3
6
4
12
4
2
10
26
5
2
1
2
3
4
3
2
1
2
33
3
1
2
14
2
2
2
3
2
2
1
4
1
4
2
3
14
4
19
3
1
3
11
3
7
2
30
19
15
8
4
19
14
2
16
19
2
3
4
2
5
11
25
17
1
6
3
3
5
23
9
19
9
7
14
2
4
2
9
2
27
3
6
14
8
21
4
2
5
13
4
5
4
9
2
4
2
5
5
6
9
7
20
7
10
4
22
16
33
3
3
12
2
10
51
19
1
27
5
1
4
4
4
2
8
14
41
4
1
1
6
4
4
9
4
9
4
12
4
4
4
3
7
9
10
1
4
4
3
6
10
37
1
27
38
7
7
9
2
7
2
39
10
11
4
4
4
21
4
19
12
12
16
4
27
26
2
8
40
54
1
15
43
18
54
34
12
27
4
48
12
11
2
2
7
2
17
2
1
2
2
2
2
1
4
4
3
4
4
4
52
4
7
47
10
2
9
10
50
10
2
11
9
11
6
38
11
11
15
11
8
10
11
11
11
5
11
10
11
10
2
3
11
2
2
11
2
4
4
4
4
4
4
4
4
4
3
2
9
2
2
2
2
2
2
2
79
3
9
20
22
159
16
20
24
48
33
13
26
6
5
36
18
28
36
3
13
7
39
24
38
10
5
6
57
30
52
30
13
18
6
16
35
10
11
12
16
5
2
14
2
41
18
85
10
23
13
2
13
4
104
33
36
19
3
15
22
70
2
10
10
91
67
6
11
58
195
94
7
9
15
219
439
94
51
5
41
72
79
34
65
2
164
40
5
10
18
120
73
301
73
43
136
62
23
158
378
177
48
193
261
176
11
26
63
262
10
43
5
8
157
80
71
236
47
22
166
318
6
52
182
63
10
351
93
87
142
12
102
73
309
29
19
71
369
5
226
34
236
187
378
205
63
159
175
125
74
251
105
17
6
14
272
26
208
118
150
120
447
102
255
84
69
159
280
490
25
26
107
54
72
31
89
8
145
57
212
454
26
398
56
169
98
68
409
10
47
57
160
8
58
134
11
11
30
58
211
206
412
127
262
58
62
141
488
153
292
186
202
247
158
446
181
60
19
53
218
234
28
396
187
270
87
20
312
232
255
